student_id,program_name,student_id,Fall_Reading_rit_score,Spring_Reading_rit_score,Score_Changes,Goal,Goal_Change,Percentage_Kept
22938,.,22938,162,178,16,180,18,No
22431,.,22431,162,174,12,180,18,No
18048,.,18048,166,181,15,183,17,No
25452,.,25452,183,192,9,196,13,No
24621,.,24621,183,188,5,196,13,No
10241,.,10241,161,176,15,179,18,No
25649,.,25649,153,181,28,173,20,Yes
22326,.,22326,165,185,20,182,17,Yes
15104,.,15104,161,157,-4,179,18,No
18086,.,18086,168,184,16,185,17,No
22734,.,22734,164,201,37,182,18,Yes
26962,.,26962,188,204,16,200,12,Yes
18109,.,18109,169,174,5,185,16,No
12367,.,12367,171,181,10,187,16,No
11465,.,11465,153,174,21,173,20,Yes
28217,.,28217,182,199,17,196,14,Yes
20048,.,20048,167,188,21,184,17,Yes
27878,.,27878,160,168,8,178,18,No
19127,.,19127,175,177,2,190,15,No
22331,.,22331,163,165,2,181,18,No
25826,.,25826,153,166,13,173,20,No
19016,.,19016,193,194,1,204,11,No
22820,.,22820,178,199,21,192,14,Yes
17371,.,17371,183,196,13,196,13,Yes
17490,.,17490,162,190,28,180,18,Yes
15616,.,15616,161,172,11,179,18,No
10537,.,10537,177,191,14,192,15,No
19183,.,19183,172,174,2,188,16,No
22775,.,22775,185,195,10,198,13,No
17907,.,17907,159,175,16,178,19,No
16231,.,16231,162,169,7,180,18,No
22598,.,22598,175,190,15,190,15,Yes
16654,.,16654,163,182,19,181,18,Yes
19283,.,19283,190,196,6,202,12,No
16075,.,16075,158,153,-5,177,19,No
24998,.,24998,158,175,17,177,19,No
29109,.,29109,158,169,11,177,19,No
29131,.,29131,161,165,4,179,18,No
13887,.,13887,174,189,15,189,15,Yes
26182,.,26182,164,187,23,182,18,Yes
21805,.,21805,167,182,15,184,17,No
17569,.,17569,155,179,24,175,20,Yes
25813,.,25813,151,173,22,171,20,Yes
22255,.,22255,159,172,13,178,19,No
14719,.,14719,160,177,17,178,18,No
25157,.,25157,172,195,23,188,16,Yes
15352,.,15352,161,185,24,179,18,Yes
12611,.,12611,145,162,17,167,22,No
11176,.,11176,161,191,30,179,18,Yes
27184,.,27184,164,174,10,182,18,No
22262,.,22262,171,195,24,187,16,Yes
20244,.,20244,172,197,25,188,16,Yes
20538,.,20538,176,192,16,191,15,Yes
20765,.,20765,147,157,10,168,21,No
24547,.,24547,174,190,16,189,15,Yes
26468,.,26468,175,191,16,190,15,Yes
25212,.,25212,190,202,12,202,12,Yes
27715,.,27715,173,173,0,189,16,No
10574,.,10574,170,188,18,186,16,Yes
14892,.,14892,193,197,4,204,11,No
14598,.,14598,156,181,25,175,19,Yes
20680,.,20680,170,195,25,186,16,Yes
19375,.,19375,182,202,20,196,14,Yes
14487,.,14487,171,187,16,187,16,Yes
29073,.,29073,195,215,20,206,11,Yes
28485,.,28485,191,208,17,203,12,Yes
22335,.,22335,164,182,18,182,18,Yes
25653,.,25653,159,180,21,178,19,Yes
10871,.,10871,169,186,17,185,16,Yes
10128,.,10128,183,203,20,196,13,Yes
19396,.,19396,154,164,10,174,20,No
21938,.,21938,187,199,12,199,12,Yes
27548,.,27548,189,207,18,201,12,Yes
23610,.,23610,202,208,6,211,9,No
16050,.,16050,172,183,11,188,16,No
15395,.,15395,173,198,25,189,16,Yes
18691,.,18691,172,187,15,188,16,No
12528,.,12528,152,165,13,172,20,No
26710,.,26710,179,194,15,193,14,Yes
16803,.,16803,162,165,3,180,18,No
26333,.,26333,142,160,18,165,23,No
27476,.,27476,174,201,27,189,15,Yes
13051,.,13051,151,181,30,171,20,Yes
14842,.,14842,167,180,13,184,17,No
18256,.,18256,159,180,21,178,19,Yes
13200,.,13200,164,186,22,182,18,Yes
10586,.,10586,165,170,5,182,17,No
15697,.,15697,189,205,16,201,12,Yes
21255,.,21255,173,196,23,189,16,Yes
23579,.,23579,186,205,19,198,12,Yes
27945,.,27945,155,177,22,175,20,Yes
24912,.,24912,149,169,20,170,21,No
11286,.,11286,156,177,21,175,19,Yes
18174,.,18174,168,180,12,185,17,No
12877,.,12877,159,165,6,178,19,No
19448,.,19448,181,201,20,195,14,Yes
14293,.,14293,174,191,17,189,15,Yes
19599,.,19599,154,173,19,174,20,No
21223,.,21223,160,179,19,178,18,Yes
16592,.,16592,139,158,19,162,23,No
23651,.,23651,151,166,15,171,20,No
12892,.,12892,151,175,24,171,20,Yes
28467,.,28467,155,181,26,175,20,Yes
20849,.,20849,161,163,2,179,18,No
18088,.,18088,179,200,21,193,14,Yes
17521,.,17521,161,182,21,179,18,Yes
20383,.,20383,152,177,25,172,20,Yes
28939,.,28939,171,185,14,187,16,No
27970,.,27970,165,178,13,182,17,No
19052,.,19052,160,184,24,178,18,Yes
19463,.,19463,172,186,14,188,16,No
17787,.,17787,153,178,25,173,20,Yes
28086,.,28086,160,168,8,178,18,No
16895,.,16895,157,182,25,176,19,Yes
10475,.,10475,151,182,31,171,20,Yes
21752,.,21752,163,176,13,181,18,No
27979,.,27979,164,182,18,182,18,Yes
10642,.,10642,146,172,26,168,22,Yes
10931,.,10931,185,197,12,198,13,No
16237,.,16237,157,186,29,176,19,Yes
13530,.,13530,150,171,21,171,21,Yes
21569,.,21569,173,190,17,189,16,Yes
11387,.,11387,160,179,19,178,18,Yes
20850,.,20850,156,165,9,175,19,No
18249,.,18249,164,173,9,182,18,No
16171,.,16171,139,150,11,162,23,No
19893,.,19893,176,200,24,191,15,Yes
28945,.,28945,165,183,18,182,17,Yes
10335,.,10335,167,194,27,184,17,Yes
12562,.,12562,148,163,15,169,21,No
10555,.,10555,185,193,8,198,13,No
26199,.,26199,165,175,10,182,17,No
19566,.,19566,162,178,16,180,18,No
12008,.,12008,188,201,13,200,12,Yes
16079,.,16079,170,178,8,186,16,No
11784,.,11784,160,182,22,178,18,Yes
16569,.,16569,181,192,11,195,14,No
10434,.,10434,197,215,18,207,10,Yes
28058,.,28058,177,202,25,192,15,Yes
13638,.,13638,160,180,20,178,18,Yes
17286,.,17286,186,201,15,199,13,Yes
17573,.,17573,175,198,23,190,15,Yes
24766,.,24766,164,179,15,182,18,No
13193,.,13193,169,196,27,185,16,Yes
15315,.,15315,191,213,22,203,12,Yes
24926,.,24926,175,197,22,190,15,Yes
23027,.,23027,174,196,22,189,15,Yes
16015,.,16015,165,178,13,182,17,No
18791,.,18791,156,175,19,175,19,Yes
22618,.,22618,153,168,15,173,20,No
19370,.,19370,169,183,14,185,16,No
26041,.,26041,159,169,10,178,19,No
23769,.,23769,162,188,26,180,18,Yes
19058,.,19058,157,185,28,176,19,Yes
23971,.,23971,156,137,-19,175,19,No
28203,.,28203,168,178,10,185,17,No
16374,.,16374,160,174,14,178,18,No
18800,.,18800,159,166,7,178,19,No
12440,.,12440,173,190,17,189,16,Yes
23584,.,23584,171,187,16,187,16,Yes
25530,.,25530,165,188,23,182,17,Yes
18499,.,18499,152,164,12,172,20,No
17517,.,17517,168,185,17,185,17,Yes
24726,.,24726,163,188,25,181,18,Yes
29046,.,29046,169,189,20,185,16,Yes
15364,.,15364,157,181,24,176,19,Yes
10360,.,10360,150,167,17,171,21,No
29152,.,29152,171,183,12,187,16,No
22343,.,22343,170,194,24,186,16,Yes
23161,.,23161,147,156,9,168,21,No
16824,.,16824,171,184,13,187,16,No
29327,.,29327,168,174,6,185,17,No
25234,.,25234,155,165,10,175,20,No
12727,.,12727,187,187,0,196,9,No
21360,.,21360,171,168,-3,183,12,No
12003,.,12003,174,186,12,186,12,Yes
15613,.,15613,202,201,-1,208,6,No
16039,.,16039,208,213,5,213,5,Yes
17678,.,17678,193,201,8,201,8,Yes
25507,.,25507,176,181,5,187,11,No
16257,.,16257,195,214,19,202,7,Yes
29206,.,29206,174,161,-13,186,12,No
12815,.,12815,183,181,-2,193,10,No
27275,.,27275,189,212,23,198,9,Yes
25359,.,25359,177,176,-1,188,11,No
12610,.,12610,177,190,13,188,11,Yes
19212,.,19212,152,173,21,168,16,Yes
26519,.,26519,174,182,8,186,12,No
11946,.,11946,172,178,6,184,12,No
24079,.,24079,197,207,10,204,7,Yes
28426,.,28426,199,207,8,206,7,Yes
26110,.,26110,193,187,-6,201,8,No
28770,.,28770,169,184,15,182,13,Yes
13437,.,13437,189,185,-4,198,9,No
10009,.,10009,209,209,0,213,4,No
19259,.,19259,171,170,-1,183,12,No
13549,.,13549,170,183,13,183,13,Yes
13240,.,13240,195,205,10,202,7,Yes
25730,.,25730,186,177,-9,195,9,No
26337,.,26337,196,211,15,203,7,Yes
25209,.,25209,169,166,-3,182,13,No
16566,.,16566,192,203,11,200,8,Yes
18904,.,18904,185,202,17,194,9,Yes
17729,.,17729,185,194,9,194,9,Yes
29220,.,29220,190,206,16,198,8,Yes
21213,.,21213,171,172,1,183,12,No
17133,.,17133,173,165,-8,185,12,No
26258,.,26258,212,210,-2,215,3,No
14900,.,14900,185,199,14,194,9,Yes
15250,.,15250,194,206,12,202,8,Yes
20319,.,20319,187,192,5,196,9,No
29049,.,29049,194,201,7,202,8,No
24389,.,24389,171,186,15,183,12,Yes
28386,.,28386,193,197,4,201,8,No
25319,.,25319,198,201,3,205,7,No
17970,.,17970,174,185,11,186,12,No
19277,.,19277,174,178,4,186,12,No
16986,.,16986,187,197,10,196,9,Yes
11927,.,11927,178,180,2,189,11,No
12200,.,12200,176,180,4,187,11,No
29629,.,29629,182,200,18,192,10,Yes
22435,.,22435,189,187,-2,198,9,No
13465,.,13465,184,205,21,194,10,Yes
20518,.,20518,193,202,9,201,8,Yes
21988,.,21988,169,189,20,182,13,Yes
17662,.,17662,182,192,10,192,10,Yes
13989,.,13989,179,187,8,190,11,No
24139,.,24139,189,188,-1,198,9,No
10150,.,10150,166,187,21,179,13,Yes
14447,.,14447,172,177,5,184,12,No
26645,.,26645,177,183,6,188,11,No
21976,.,21976,198,208,10,205,7,Yes
29776,.,29776,189,209,20,198,9,Yes
25299,.,25299,177,185,8,188,11,No
25286,.,25286,177,194,17,188,11,Yes
13266,.,13266,196,205,9,203,7,Yes
11378,.,11378,193,201,8,201,8,Yes
27087,.,27087,187,198,11,196,9,Yes
26740,.,26740,180,184,4,190,10,No
19003,.,19003,188,210,22,197,9,Yes
15621,.,15621,192,188,-4,200,8,No
21946,.,21946,194,185,-9,202,8,No
12868,.,12868,187,183,-4,196,9,No
18958,.,18958,193,185,-8,201,8,No
12248,.,12248,195,200,5,202,7,No
23674,.,23674,182,173,-9,192,10,No
27137,.,27137,173,160,-13,185,12,No
26727,.,26727,200,218,18,206,6,Yes
22508,.,22508,191,192,1,199,8,No
27327,.,27327,186,194,8,195,9,No
19017,.,19017,198,198,0,205,7,No
28697,.,28697,200,200,0,206,6,No
18822,.,18822,175,170,-5,187,12,No
22847,.,22847,179,195,16,190,11,Yes
11103,.,11103,180,172,-8,190,10,No
27620,.,27620,182,184,2,192,10,No
27776,.,27776,189,197,8,198,9,No
22033,.,22033,201,193,-8,207,6,No
21160,.,21160,204,208,4,210,6,No
26668,.,26668,161,171,10,175,14,No
16475,.,16475,179,198,19,190,11,Yes
21903,.,21903,200,205,5,206,6,No
21184,.,21184,187,180,-7,196,9,No
10235,.,10235,180,164,-16,190,10,No
27020,.,27020,210,212,2,214,4,No
14101,.,14101,199,221,22,206,7,Yes
16871,.,16871,184,185,1,194,10,No
27716,.,27716,203,207,4,209,6,No
14224,.,14224,204,197,-7,210,6,No
11298,.,11298,205,212,7,210,5,Yes
29035,.,29035,197,200,3,204,7,No
18063,.,18063,188,176,-12,197,9,No
13560,.,13560,201,209,8,207,6,Yes
14617,.,14617,199,191,-8,206,7,No
20388,.,20388,179,189,10,190,11,No
16264,.,16264,200,193,-7,206,6,No
10158,.,10158,198,197,-1,205,7,No
20790,.,20790,200,195,-5,206,6,No
17232,.,17232,176,169,-7,187,11,No
12356,.,12356,190,163,-27,198,8,No
18234,.,18234,193,208,15,201,8,Yes
14217,.,14217,195,194,-1,202,7,No
21330,.,21330,209,221,12,214,5,Yes
13750,.,13750,199,202,3,206,7,No
19036,.,19036,184,161,-23,194,10,No
16901,.,16901,169,149,-20,182,13,No
24307,.,24307,182,194,12,192,10,Yes
10312,.,10312,181,210,29,191,10,Yes
16328,.,16328,185,169,-16,194,9,No
10559,.,10559,183,175,-8,193,10,No
24407,.,24407,207,208,1,212,5,No
18087,.,18087,198,202,4,205,7,No
12977,.,12977,185,201,16,194,9,Yes
18508,.,18508,181,171,-10,191,10,No
23597,.,23597,201,210,9,207,6,Yes
25183,.,25183,176,175,-1,187,11,No
28755,.,28755,191,191,0,199,8,No
13643,.,13643,184,193,9,194,10,No
13722,.,13722,209,199,-10,214,5,No
28015,.,28015,176,185,9,187,11,No
11987,.,11987,175,176,1,186,11,No
25018,.,25018,201,202,1,207,6,No
29176,.,29176,197,196,-1,204,7,No
19223,.,19223,178,170,-8,189,11,No
21224,.,21224,165,169,4,179,14,No
18364,.,18364,190,192,2,198,8,No
16363,.,16363,201,205,4,207,6,No
16981,.,16981,185,191,6,194,9,No
13924,.,13924,180,176,-4,190,10,No
16729,.,16729,196,196,0,203,7,No
12722,.,12722,161,178,17,175,14,Yes
21467,.,21467,215,213,-2,218,3,No
26125,.,26125,186,193,7,195,9,No
23101,.,23101,179,173,-6,190,11,No
22210,.,22210,175,182,7,186,11,No
20233,.,20233,187,196,9,196,9,Yes
13811,.,13811,191,193,2,199,8,No
23831,.,23831,191,208,17,199,8,Yes
26169,.,26169,175,174,-1,186,11,No
26780,.,26780,180,187,7,190,10,No
28878,.,28878,184,197,13,194,10,Yes
24975,.,24975,166,169,3,179,13,No
12349,.,12349,200,197,-3,206,6,No
19451,.,19451,199,199,0,206,7,No
27115,.,27115,175,166,-9,187,12,No
19571,.,19571,176,196,20,187,11,Yes
13055,.,13055,193,198,5,201,8,No
19188,.,19188,170,168,-2,183,13,No
14070,.,14070,184,193,9,194,10,No
14378,.,14378,185,195,10,194,9,Yes
15027,.,15027,187,188,1,196,9,No
24068,.,24068,193,201,8,201,8,Yes
15591,.,15591,182,212,30,192,10,Yes
11538,.,11538,205,211,6,210,5,Yes
29585,.,29585,180,183,3,192,12,No
12376,.,12376,167,182,15,181,14,Yes
26997,.,26997,197,226,29,206,9,Yes
16229,.,16229,197,203,6,206,9,No
22438,.,22438,189,200,11,199,10,Yes
25961,.,25961,194,209,15,203,9,Yes
11768,.,11768,201,205,4,209,8,No
13305,.,13305,166,181,15,180,14,Yes
23700,.,23700,186,197,11,197,11,Yes
12236,.,12236,189,203,14,199,10,Yes
27368,.,27368,185,194,9,196,11,No
16134,.,16134,198,196,-2,207,9,No
29639,.,29639,199,207,8,208,9,No
28081,.,28081,193,188,-5,203,10,No
12535,.,12535,175,196,21,188,13,Yes
29268,.,29268,179,196,17,191,12,Yes
28983,.,28983,196,209,13,205,9,Yes
12472,.,12472,206,214,8,213,7,Yes
11167,.,11167,174,204,30,187,13,Yes
27507,.,27507,196,201,5,205,9,No
11169,.,11169,201,203,2,209,8,No
17738,.,17738,183,200,17,194,11,Yes
15450,.,15450,193,186,-7,203,10,No
18469,.,18469,183,195,12,194,11,Yes
10700,.,10700,203,204,1,211,8,No
22666,.,22666,199,190,-9,208,9,No
15657,.,15657,195,205,10,204,9,Yes
25042,.,25042,226,223,-3,230,4,No
10763,.,10763,196,198,2,205,9,No
26098,.,26098,192,194,2,202,10,No
25251,.,25251,209,208,-1,216,7,No
22469,.,22469,207,211,4,214,7,No
24974,.,24974,178,197,19,190,12,Yes
21480,.,21480,206,215,9,214,8,Yes
16750,.,16750,169,182,13,183,14,No
17831,.,17831,177,188,11,189,12,No
22746,.,22746,198,213,15,207,9,Yes
26568,.,26568,203,214,11,211,8,Yes
22901,.,22901,212,214,2,218,6,No
26586,.,26586,192,199,7,202,10,No
19614,.,19614,174,190,16,187,13,Yes
25356,.,25356,199,196,-3,208,9,No
23330,.,23330,190,197,7,200,10,No
17676,.,17676,205,202,-3,213,8,No
24226,.,24226,192,205,13,202,10,Yes
19323,.,19323,188,205,17,198,10,Yes
15193,.,15193,199,222,23,208,9,Yes
29945,.,29945,202,217,15,210,8,Yes
18067,.,18067,184,210,26,195,11,Yes
27319,.,27319,169,184,15,183,14,Yes
11975,.,11975,179,176,-3,191,12,No
27701,.,27701,207,204,-3,214,7,No
21032,.,21032,186,195,9,197,11,No
21940,.,21940,177,186,9,189,12,No
21037,.,21037,183,198,15,194,11,Yes
12153,.,12153,200,197,-3,208,8,No
20325,.,20325,188,188,0,198,10,No
21862,.,21862,193,191,-2,203,10,No
10658,.,10658,182,192,10,194,12,No
27392,.,27392,180,195,15,192,12,Yes
20095,.,20095,202,195,-7,210,8,No
28667,.,28667,180,190,10,192,12,No
13480,.,13480,196,198,2,205,9,No
20378,.,20378,221,215,-6,226,5,No
25417,.,25417,189,201,12,199,10,Yes
14331,.,14331,174,192,18,187,13,Yes
26249,.,26249,194,203,9,203,9,Yes
11346,.,11346,167,158,-9,181,14,No
25367,.,25367,193,188,-5,203,10,No
29456,.,29456,171,198,27,184,13,Yes
20853,.,20853,217,222,5,223,6,No
15424,.,15424,176,180,4,189,13,No
25471,.,25471,211,211,0,218,7,No
28956,.,28956,205,206,1,213,8,No
29130,.,29130,196,198,2,205,9,No
29827,.,29827,171,180,9,184,13,No
15208,.,15208,190,200,10,200,10,Yes
27355,.,27355,204,206,2,212,8,No
17381,.,17381,209,221,12,216,7,Yes
27179,.,27179,181,194,13,193,12,Yes
15072,.,15072,180,189,9,192,12,No
12670,.,12670,198,206,8,207,9,No
14419,.,14419,195,209,14,204,9,Yes
28553,.,28553,193,203,10,203,10,Yes
15580,.,15580,179,175,-4,191,12,No
17845,.,17845,199,199,0,208,9,No
25335,.,25335,209,214,5,216,7,No
19816,.,19816,205,219,14,213,8,Yes
14902,.,14902,190,195,5,200,10,No
27446,.,27446,219,228,9,224,5,Yes
18623,.,18623,191,194,3,201,10,No
18465,.,18465,197,204,7,206,9,No
24788,.,24788,206,212,6,213,7,No
22035,.,22035,205,216,11,213,8,Yes
20951,.,20951,194,204,10,203,9,Yes
23051,.,23051,182,204,22,194,12,Yes
28129,.,28129,211,203,-8,218,7,No
14118,.,14118,203,208,5,211,8,No
17935,.,17935,194,215,21,203,9,Yes
10939,.,10939,206,212,6,213,7,No
15050,.,15050,196,209,13,205,9,Yes
27019,.,27019,203,203,0,211,8,No
17298,.,17298,218,213,-5,223,5,No
28084,.,28084,182,196,14,194,12,Yes
12339,.,12339,177,184,7,189,12,No
24989,.,24989,186,196,10,197,11,No
12739,.,12739,176,201,25,189,13,Yes
14107,.,14107,172,187,15,185,13,Yes
24237,.,24237,204,199,-5,212,8,No
11380,.,11380,225,224,-1,229,4,No
17843,.,17843,206,209,3,213,7,No
13071,.,13071,194,198,4,203,9,No
20038,.,20038,183,188,5,194,11,No
19582,.,19582,205,207,2,213,8,No
28352,.,28352,190,198,8,200,10,No
20758,.,20758,202,209,7,210,8,No
20287,.,20287,177,181,4,189,12,No
29686,.,29686,211,220,9,218,7,Yes
19037,.,19037,200,199,-1,208,8,No
29244,.,29244,186,195,9,197,11,No
17682,.,17682,188,198,10,198,10,Yes
16275,.,16275,204,210,6,212,8,No
18550,.,18550,199,213,14,208,9,Yes
16158,.,16158,206,226,20,213,7,Yes
13558,.,13558,186,179,-7,197,11,No
16892,.,16892,190,191,1,200,10,No
27088,.,27088,179,196,17,191,12,Yes
28022,.,28022,201,212,11,209,8,Yes
23183,.,23183,204,207,3,212,8,No
28001,.,28001,183,195,12,194,11,Yes
16945,.,16945,182,180,-2,194,12,No
10006,.,10006,221,216,-5,226,5,No
16950,.,16950,203,206,3,211,8,No
27968,.,27968,212,213,1,218,6,No
26619,.,26619,200,212,12,208,8,Yes
22560,.,22560,175,179,4,188,13,No
14954,.,14954,197,202,5,206,9,No
25208,.,25208,166,166,0,180,14,No
19190,.,19190,191,201,10,201,10,Yes
18280,.,18280,193,213,20,203,10,Yes
24409,.,24409,201,201,0,209,8,No
22295,.,22295,168,173,5,182,14,No
18440,.,18440,192,192,0,202,10,No
23653,.,23653,197,193,-4,206,9,No
22771,.,22771,178,169,-9,190,12,No
19971,.,19971,184,189,5,195,11,No
20811,.,20811,201,211,10,209,8,Yes
11710,.,11710,164,178,14,179,15,No
10566,.,10566,225,216,-9,229,4,No
29720,.,29720,187,200,13,198,11,Yes
23385,.,23385,192,185,-7,202,10,No
13404,.,13404,206,215,9,213,7,Yes
13798,.,13798,188,199,11,198,10,Yes
15922,.,15922,192,202,10,202,10,Yes
11473,.,11473,194,204,10,203,9,Yes
20434,.,20434,204,215,11,212,8,Yes
13830,.,13830,181,186,5,193,12,No
27663,.,27663,214,214,0,220,6,No
16645,.,16645,208,215,7,215,7,Yes
17692,.,17692,215,218,3,221,6,No
20131,.,20131,171,187,16,184,13,Yes
28337,.,28337,214,214,0,220,6,No
11056,.,11056,211,215,4,218,7,No
16723,.,16723,193,201,8,203,10,No
20384,.,20384,190,186,-4,200,10,No
16456,.,16456,217,207,-10,223,6,No
18819,.,18819,205,210,5,213,8,No
22600,.,22600,214,212,-2,220,6,No
18397,.,18397,199,210,11,208,9,Yes
22312,.,22312,188,186,-2,197,9,No
25129,.,25129,188,210,22,197,9,Yes
16241,.,16241,211,213,2,217,6,No
24088,.,24088,213,215,2,218,5,No
22100,.,22100,218,219,1,222,4,No
23299,.,23299,202,191,-11,209,7,No
19176,.,19176,199,207,8,206,7,Yes
20293,.,20293,205,209,4,211,6,No
26357,.,26357,205,211,6,212,7,No
16681,.,16681,197,194,-3,205,8,No
25830,.,25830,192,188,-4,201,9,No
26544,.,26544,209,215,6,215,6,Yes
13255,.,13255,184,197,13,194,10,Yes
24638,.,24638,220,222,2,224,4,No
27166,.,27166,202,211,9,209,7,Yes
15831,.,15831,205,202,-3,211,6,No
14398,.,14398,213,221,8,218,5,Yes
22452,.,22452,206,211,5,212,6,No
25769,.,25769,177,192,15,188,11,Yes
16611,.,16611,202,207,5,209,7,No
28958,.,28958,187,195,8,196,9,No
12148,.,12148,185,194,9,195,10,No
22162,.,22162,194,196,2,202,8,No
22337,.,22337,217,220,3,222,5,No
16837,.,16837,217,208,-9,222,5,No
25357,.,25357,202,191,-11,209,7,No
10213,.,10213,206,208,2,212,6,No
29346,.,29346,203,197,-6,210,7,No
17966,.,17966,202,207,5,209,7,No
29620,.,29620,202,208,6,209,7,No
18574,.,18574,193,203,10,201,8,Yes
17164,.,17164,194,199,5,202,8,No
14214,.,14214,203,209,6,210,7,No
27337,.,27337,204,209,5,211,7,No
12841,.,12841,215,214,-1,220,5,No
23020,.,23020,187,199,12,196,9,Yes
10156,.,10156,221,228,7,225,4,Yes
10804,.,10804,170,182,12,182,12,Yes
22829,.,22829,199,185,-14,206,7,No
28992,.,28992,198,199,1,206,8,No
19694,.,19694,193,209,16,201,8,Yes
24797,.,24797,216,216,0,221,5,No
29671,.,29671,213,212,-1,218,5,No
17482,.,17482,203,210,7,210,7,Yes
12795,.,12795,206,212,6,212,6,Yes
15544,.,15544,185,203,18,195,10,Yes
22801,.,22801,199,194,-5,206,7,No
29938,.,29938,212,211,-1,217,5,No
11320,.,11320,199,206,7,206,7,Yes
22430,.,22430,220,235,15,224,4,Yes
27126,.,27126,202,202,0,209,7,No
14173,.,14173,199,198,-1,206,7,No
11578,.,11578,220,218,-2,224,4,No
11151,.,11151,212,217,5,217,5,Yes
26483,.,26483,192,187,-5,201,9,No
19071,.,19071,209,222,13,215,6,Yes
20950,.,20950,206,205,-1,212,6,No
17539,.,17539,196,206,10,204,8,Yes
19869,.,19869,191,196,5,200,9,No
12023,.,12023,236,232,-4,238,2,No
23404,.,23404,204,219,15,211,7,Yes
24192,.,24192,216,218,2,221,5,No
29194,.,29194,192,189,-3,201,9,No
21621,.,21621,204,218,14,211,7,Yes
18212,.,18212,204,219,15,211,7,Yes
20265,.,20265,198,202,4,206,8,No
16666,.,16666,198,203,5,206,8,No
21109,.,21109,187,198,11,196,9,Yes
16002,.,16002,199,193,-6,206,7,No
22251,.,22251,216,217,1,221,5,No
25900,.,25900,196,197,1,204,8,No
15243,.,15243,216,225,9,221,5,Yes
16990,.,16990,214,211,-3,219,5,No
18431,.,18431,189,197,8,198,9,No
10406,.,10406,201,210,9,208,7,Yes
17171,.,17171,216,214,-2,221,5,No
17092,.,17092,178,198,20,189,11,Yes
16161,.,16161,191,194,3,200,9,No
23617,.,23617,213,210,-3,218,5,No
19420,.,19420,215,217,2,220,5,No
24430,.,24430,211,215,4,217,6,No
29930,.,29930,208,206,-2,214,6,No
17066,.,17066,206,221,15,212,6,Yes
11318,.,11318,228,237,9,231,3,Yes
21030,.,21030,200,196,-4,207,7,No
13712,.,13712,206,204,-2,212,6,No
26850,.,26850,206,209,3,212,6,No
28342,.,28342,196,190,-6,204,8,No
16528,.,16528,203,207,4,210,7,No
22547,.,22547,193,207,14,201,8,Yes
14046,.,14046,205,215,10,212,7,Yes
22744,.,22744,198,204,6,206,8,No
22794,.,22794,197,191,-6,205,8,No
11702,.,11702,189,189,0,198,9,No
18156,.,18156,207,212,5,213,6,No
11661,.,11661,198,190,-8,206,8,No
28519,.,28519,196,212,16,204,8,Yes
23574,.,23574,214,220,6,219,5,Yes
16292,.,16292,205,216,11,212,7,Yes
27473,.,27473,189,204,15,198,9,Yes
25639,.,25639,195,202,7,203,8,No
24619,.,24619,216,219,3,221,5,No
12575,.,12575,193,201,8,201,8,Yes
24535,.,24535,209,210,1,215,6,No
16197,.,16197,213,204,-9,218,5,No
25973,.,25973,198,206,8,205,7,Yes
15406,.,15406,191,209,18,199,8,Yes
26808,.,26808,179,184,5,189,10,No
25632,.,25632,195,193,-2,203,8,No
14041,.,14041,205,209,4,211,6,No
19048,.,19048,200,203,3,207,7,No
21550,.,21550,209,211,2,215,6,No
19746,.,19746,192,198,6,200,8,No
26039,.,26039,216,230,14,221,5,Yes
21676,.,21676,184,203,19,193,9,Yes
29197,.,29197,211,208,-3,216,5,No
20419,.,20419,221,214,-7,225,4,No
21069,.,21069,205,215,10,211,6,Yes
22620,.,22620,204,201,-3,210,6,No
10540,.,10540,195,202,7,203,8,No
26541,.,26541,209,208,-1,215,6,No
15291,.,15291,208,212,4,214,6,No
21784,.,21784,187,184,-3,196,9,No
25407,.,25407,222,223,1,226,4,No
21981,.,21981,213,226,13,218,5,Yes
16120,.,16120,207,193,-14,213,6,No
16757,.,16757,182,221,39,192,10,Yes
22241,.,22241,182,189,7,191,9,No
29188,.,29188,212,221,9,217,5,Yes
12548,.,12548,197,194,-3,204,7,No
17253,.,17253,203,199,-4,209,6,No
14975,.,14975,192,192,0,200,8,No
22582,.,22582,209,211,2,215,6,No
25736,.,25736,178,209,31,188,10,Yes
17107,.,17107,212,209,-3,217,5,No
16643,.,16643,194,198,4,202,8,No
10053,.,10053,193,212,19,201,8,Yes
23212,.,23212,196,209,13,203,7,Yes
26046,.,26046,202,205,3,209,7,No
11949,.,11949,213,227,14,218,5,Yes
13421,.,13421,199,206,7,206,7,Yes
20793,.,20793,223,225,2,227,4,No
15338,.,15338,149,152,3,163,14,No
25528,.,25528,188,192,4,197,9,No
15094,.,15094,202,206,4,209,7,No
13151,.,13151,222,220,-2,226,4,No
28254,.,28254,214,216,2,219,5,No
19865,.,19865,194,206,12,202,8,Yes
22281,.,22281,192,203,11,200,8,Yes
22562,.,22562,193,201,8,201,8,Yes
11885,.,11885,201,200,-1,208,7,No
10696,.,10696,206,212,6,212,6,Yes
19636,.,19636,207,202,-5,213,6,No
20168,.,20168,185,208,23,194,9,Yes
18165,.,18165,188,201,13,197,9,Yes
26422,.,26422,212,216,4,217,5,No
28367,.,28367,177,190,13,188,11,Yes
12859,.,12859,199,203,4,206,7,No
15306,.,15306,184,199,15,194,10,Yes
24837,.,24837,192,207,15,200,8,Yes
12181,.,12181,181,188,7,191,10,No
24826,.,24826,173,209,36,185,12,Yes
27641,.,27641,191,200,9,199,8,Yes
16242,.,16242,217,215,-2,220,3,No
27271,.,27271,193,202,9,201,8,Yes
21634,.,21634,222,230,8,224,2,Yes
14386,.,14386,195,185,-10,202,7,No
19118,.,19118,219,221,2,222,3,No
15340,.,15340,205,204,-1,210,5,No
26827,.,26827,211,222,11,215,4,Yes
19065,.,19065,218,227,9,221,3,Yes
16022,.,16022,211,216,5,215,4,Yes
19889,.,19889,221,224,3,223,2,Yes
12036,.,12036,203,214,11,209,6,Yes
12666,.,12666,222,221,-1,224,2,No
29703,.,29703,203,214,11,209,6,Yes
15301,.,15301,229,232,3,231,2,Yes
24000,.,24000,216,221,5,219,3,Yes
25473,.,25473,229,232,3,231,2,Yes
29949,.,29949,198,205,7,205,7,Yes
15803,.,15803,196,189,-7,203,7,No
25191,.,25191,211,220,9,215,4,Yes
16649,.,16649,220,225,5,223,3,Yes
24405,.,24405,197,218,21,204,7,Yes
21354,.,21354,182,199,17,192,10,Yes
21159,.,21159,212,220,8,216,4,Yes
10920,.,10920,196,196,0,203,7,No
22117,.,22117,233,235,2,235,2,Yes
12235,.,12235,186,187,1,195,9,No
18084,.,18084,216,208,-8,219,3,No
10858,.,10858,226,234,8,228,2,Yes
18812,.,18812,221,227,6,223,2,Yes
26163,.,26163,222,224,2,224,2,Yes
27075,.,27075,210,221,11,214,4,Yes
17552,.,17552,212,219,7,216,4,Yes
26342,.,26342,217,217,0,220,3,No
10120,.,10120,211,213,2,215,4,No
10786,.,10786,211,220,9,215,4,Yes
22630,.,22630,197,200,3,204,7,No
27413,.,27413,209,210,1,214,5,No
18841,.,18841,182,208,26,192,10,Yes
29619,.,29619,179,200,21,188,9,Yes
16503,.,16503,214,205,-9,218,4,No
17423,.,17423,215,213,-2,219,4,No
19644,.,19644,223,221,-2,225,2,No
13816,.,13816,216,222,6,220,4,Yes
17492,.,17492,222,230,8,225,3,Yes
24339,.,24339,226,230,4,228,2,Yes
15277,.,15277,225,229,4,227,2,Yes
28368,.,28368,193,201,8,200,7,Yes
23964,.,23964,188,192,4,196,8,No
25249,.,25249,207,222,15,212,5,Yes
26074,.,26074,221,221,0,224,3,No
11302,.,11302,208,211,3,213,5,No
17736,.,17736,215,212,-3,219,4,No
23564,.,23564,222,237,15,225,3,Yes
13912,.,13912,225,226,1,227,2,No
20804,.,20804,201,218,17,207,6,Yes
13106,.,13106,211,219,8,215,4,Yes
14363,.,14363,219,226,7,222,3,Yes
20963,.,20963,208,221,13,213,5,Yes
15835,.,15835,227,232,5,229,2,Yes
11316,.,11316,222,233,11,225,3,Yes
17896,.,17896,218,215,-3,221,3,No
25987,.,25987,202,215,13,208,6,Yes
27978,.,27978,223,221,-2,225,2,No
15620,.,15620,202,207,5,208,6,No
25521,.,25521,204,204,0,209,5,No
19122,.,19122,212,212,0,216,4,No
10713,.,10713,209,206,-3,214,5,No
20821,.,20821,210,208,-2,215,5,No
24783,.,24783,203,212,9,209,6,Yes
14931,.,14931,212,218,6,216,4,Yes
17345,.,17345,217,215,-2,220,3,No
12142,.,12142,216,225,9,220,4,Yes
27712,.,27712,211,204,-7,215,4,No
25839,.,25839,213,224,11,217,4,Yes
28688,.,28688,218,224,6,221,3,Yes
17593,.,17593,208,219,11,213,5,Yes
22284,.,22284,207,225,18,212,5,Yes
18085,.,18085,201,207,6,207,6,Yes
10638,.,10638,213,215,2,217,4,No
15239,.,15239,207,212,5,212,5,Yes
22671,.,22671,225,238,13,227,2,Yes
10652,.,10652,202,196,-6,208,6,No
10194,.,10194,210,211,1,214,4,No
29199,.,29199,202,213,11,207,5,Yes
24111,.,24111,207,217,10,212,5,Yes
19856,.,19856,220,233,13,223,3,Yes
18730,.,18730,210,223,13,214,4,Yes
27971,.,27971,215,230,15,218,3,Yes
20150,.,20150,203,212,9,208,5,Yes
25804,.,25804,206,209,3,211,5,No
17388,.,17388,209,212,3,213,4,No
12399,.,12399,213,222,9,217,4,Yes
22073,.,22073,208,216,8,212,4,Yes
28986,.,28986,211,219,8,215,4,Yes
25999,.,25999,193,207,14,200,7,Yes
17104,.,17104,177,209,32,186,9,Yes
22029,.,22029,224,218,-6,226,2,No
16870,.,16870,199,202,3,205,6,No
25788,.,25788,221,217,-4,223,2,No
17143,.,17143,224,228,4,226,2,Yes
23251,.,23251,217,217,0,220,3,No
21682,.,21682,210,216,6,214,4,Yes
27658,.,27658,214,212,-2,218,4,No
19133,.,19133,212,218,6,216,4,Yes
17519,.,17519,205,224,19,210,5,Yes
10672,.,10672,210,217,7,214,4,Yes
29297,.,29297,212,217,5,216,4,Yes
14547,.,14547,181,202,21,189,8,Yes
27527,.,27527,206,217,11,211,5,Yes
20195,.,20195,237,243,6,239,2,Yes
18389,.,18389,210,222,12,214,4,Yes
29136,.,29136,211,230,19,215,4,Yes
29002,.,29002,215,224,9,218,3,Yes
22120,.,22120,219,222,3,222,3,Yes
23167,.,23167,218,217,-1,221,3,No
18644,.,18644,214,209,-5,218,4,No
11213,.,11213,211,219,8,215,4,Yes
24852,.,24852,200,209,9,206,6,Yes
17001,.,17001,214,216,2,218,4,No
19382,.,19382,203,215,12,208,5,Yes
20374,.,20374,222,217,-5,224,2,No
14395,.,14395,222,232,10,224,2,Yes
25361,.,25361,208,218,10,212,4,Yes
12564,.,12564,202,208,6,207,5,Yes
22186,.,22186,220,219,-1,223,3,No
17196,.,17196,206,210,4,211,5,No
25124,.,25124,144,170,26,160,16,Yes
12624,.,12624,159,182,23,172,13,Yes
13016,.,13016,162,180,18,174,12,Yes
15735,.,15735,144,162,18,160,16,Yes
12073,.,12073,114,177,63,137,23,Yes
10153,.,10153,148,165,17,164,16,Yes
18076,.,18076,141,177,36,158,17,Yes
16825,.,16825,161,188,27,174,13,Yes
14492,.,14492,146,163,17,162,16,Yes
12207,.,12207,144,162,18,160,16,Yes
17903,.,17903,146,175,29,162,16,Yes
18754,.,18754,149,165,16,164,15,Yes
23853,.,23853,146,185,39,162,16,Yes
19602,.,19602,146,162,16,162,16,Yes
19535,.,19535,184,202,18,191,7,Yes
17751,.,17751,109,160,51,134,25,Yes
11824,.,11824,136,156,20,154,18,Yes
24047,.,24047,150,205,55,165,15,Yes
29906,.,29906,138,143,5,156,18,No
25930,.,25930,145,176,31,161,16,Yes
13557,.,13557,139,161,22,157,18,Yes
18074,.,18074,163,188,25,175,12,Yes
24985,.,24985,129,153,24,149,20,Yes
24301,.,24301,136,159,23,154,18,Yes
12915,.,12915,147,181,34,163,16,Yes
20442,.,20442,138,160,22,156,18,Yes
14203,.,14203,165,201,36,177,12,Yes
29630,.,29630,131,172,41,150,19,Yes
21508,.,21508,141,156,15,158,17,No
20756,.,20756,142,168,26,159,17,Yes
25136,.,25136,153,187,34,167,14,Yes
24071,.,24071,149,177,28,164,15,Yes
27894,.,27894,146,168,22,162,16,Yes
12396,.,12396,140,158,18,157,17,Yes
12151,.,12151,152,163,11,167,15,No
23884,.,23884,139,149,10,157,18,No
23396,.,23396,134,146,12,153,19,No
18653,.,18653,153,153,0,167,14,No
14639,.,14639,140,157,17,157,17,Yes
11595,.,11595,126,133,7,146,20,No
29168,.,29168,122,150,28,143,21,Yes
10355,.,10355,145,154,9,161,16,No
29094,.,29094,139,162,23,157,18,Yes
18601,.,18601,139,150,11,157,18,No
17800,.,17800,137,148,11,155,18,No
23967,.,23967,119,150,31,141,22,Yes
16595,.,16595,146,165,19,162,16,Yes
14829,.,14829,137,157,20,155,18,Yes
24070,.,24070,115,139,24,138,23,Yes
19776,.,19776,139,159,20,157,18,Yes
10443,.,10443,135,146,11,153,18,No
11608,.,11608,147,155,8,163,16,No
12884,.,12884,148,175,27,164,16,Yes
29463,.,29463,143,170,27,160,17,Yes
11408,.,11408,163,188,25,175,12,Yes
24635,.,24635,149,174,25,164,15,Yes
22792,.,22792,137,155,18,155,18,Yes
11666,.,11666,140,158,18,157,17,Yes
25541,.,25541,139,160,21,157,18,Yes
16104,.,16104,130,158,28,150,20,Yes
16605,.,16605,145,166,21,161,16,Yes
25368,.,25368,123,157,34,144,21,Yes
29684,.,29684,143,160,17,160,17,Yes
15601,.,15601,148,169,21,164,16,Yes
29592,.,29592,136,154,18,154,18,Yes
29996,.,29996,147,166,19,163,16,Yes
21294,.,21294,144,156,12,160,16,No
27026,.,27026,144,179,35,160,16,Yes
17375,.,17375,142,152,10,159,17,No
21586,.,21586,118,137,19,140,22,No
27468,.,27468,137,158,21,155,18,Yes
17172,.,17172,140,154,14,157,17,No
16346,.,16346,149,171,22,164,15,Yes
16836,.,16836,149,147,-2,164,15,No
19399,.,19399,133,163,30,152,19,Yes
16150,.,16150,139,150,11,157,18,No
16049,.,16049,145,157,12,161,16,No
11412,.,11412,136,156,20,154,18,Yes
26629,.,26629,104,140,36,131,27,Yes
23709,.,23709,142,163,21,159,17,Yes
26150,.,26150,143,154,11,160,17,No
12127,.,12127,132,155,23,151,19,Yes
26705,.,26705,137,138,1,155,18,No
15945,.,15945,134,154,20,153,19,Yes
14613,.,14613,150,163,13,165,15,No
22018,.,22018,140,166,26,157,17,Yes
20575,.,20575,150,145,-5,165,15,No
20144,.,20144,138,152,14,156,18,No
11148,.,11148,146,155,9,162,16,No
24730,.,24730,137,161,24,155,18,Yes
25662,.,25662,145,163,18,161,16,Yes
17543,.,17543,154,168,14,168,14,Yes
17254,.,17254,151,169,18,166,15,Yes
21714,.,21714,146,166,20,162,16,Yes
11369,.,11369,142,160,18,159,17,Yes
11853,.,11853,150,177,27,165,15,Yes
20532,.,20532,142,166,24,159,17,Yes
13146,.,13146,144,179,35,160,16,Yes
14335,.,14335,142,159,17,159,17,Yes
29664,.,29664,137,161,24,155,18,Yes
17870,.,17870,139,165,26,157,18,Yes
21757,.,21757,134,162,28,153,19,Yes
13054,.,13054,115,138,23,138,23,Yes
11635,.,11635,148,166,18,164,16,Yes
22206,.,22206,140,148,8,157,17,No
22652,.,22652,140,158,18,157,17,Yes
26269,.,26269,136,163,27,154,18,Yes
12291,.,12291,133,137,4,152,19,No
23193,.,23193,140,186,46,157,17,Yes
28979,.,28979,143,172,29,160,17,Yes
21344,.,21344,160,173,13,173,13,Yes
26863,.,26863,141,178,37,158,17,Yes
12590,.,12590,140,164,24,157,17,Yes
23057,.,23057,135,129,-6,153,18,No
26351,.,26351,131,158,27,150,19,Yes
21829,.,21829,122,150,28,143,21,Yes
28281,.,28281,131,162,31,150,19,Yes
16297,.,16297,138,172,34,156,18,Yes
14045,.,14045,126,154,28,146,20,Yes
15575,.,15575,141,172,31,158,17,Yes
13460,.,13460,140,149,9,157,17,No
25658,.,25658,149,166,17,164,15,Yes
25566,.,25566,151,167,16,166,15,Yes
27556,.,27556,139,158,19,157,18,Yes
11452,.,11452,136,161,25,154,18,Yes
25717,.,25717,147,178,31,163,16,Yes
11737,.,11737,151,192,41,166,15,Yes
22001,.,22001,129,172,43,149,20,Yes
12359,.,12359,120,144,24,142,22,Yes
18627,.,18627,146,180,34,162,16,Yes
12786,.,12786,137,151,14,155,18,No
28371,.,28371,147,164,17,163,16,Yes
16848,.,16848,143,138,-5,160,17,No
14178,.,14178,141,161,20,158,17,Yes
22341,.,22341,143,178,35,160,17,Yes
20788,.,20788,152,175,23,167,15,Yes
10981,.,10981,135,152,17,153,18,No
10720,.,10720,153,184,31,167,14,Yes
20851,.,20851,170,198,28,181,11,Yes
14499,.,14499,129,169,40,149,20,Yes
16405,.,16405,146,165,19,162,16,Yes
25627,.,25627,160,180,20,173,13,Yes
29568,.,29568,169,196,27,180,11,Yes
13777,.,13777,132,140,8,151,19,No
29831,.,29831,160,200,40,173,13,Yes
19219,.,19219,148,178,30,164,16,Yes
24069,.,24069,151,165,14,166,15,No
23000,.,23000,130,170,40,150,20,Yes
18651,.,18651,152,162,10,167,15,No
21719,.,21719,137,183,46,155,18,Yes
13718,.,13718,145,170,25,161,16,Yes
27980,.,27980,128,164,36,148,20,Yes
18766,.,18766,154,186,32,168,14,Yes
22641,.,22641,142,182,40,159,17,Yes
11649,.,11649,141,168,27,158,17,Yes
23241,.,23241,124,168,44,145,21,Yes
14163,.,14163,137,175,38,155,18,Yes
27897,.,27897,149,166,17,164,15,Yes
14313,.,14313,133,142,9,152,19,No
21761,.,21761,138,168,30,156,18,Yes
14236,.,14236,137,165,28,155,18,Yes
13443,.,13443,160,193,33,173,13,Yes
29015,.,29015,145,190,45,161,16,Yes
18960,.,18960,129,148,19,149,20,No
20187,.,20187,147,182,35,163,16,Yes
21029,.,21029,142,158,16,159,17,No
22300,.,22300,140,160,20,157,17,Yes
21236,.,21236,152,158,6,167,15,No
14139,.,14139,135,149,14,153,18,No
22609,.,22609,146,163,17,162,16,Yes
27821,.,27821,141,177,36,158,17,Yes
25622,.,25622,149,163,14,164,15,No
15300,.,15300,141,158,17,158,17,Yes
17189,.,17189,138,148,10,156,18,No
25426,.,25426,149,175,26,164,15,Yes
18170,.,18170,133,152,19,152,19,Yes
24782,.,24782,126,152,26,146,20,Yes
19080,.,19080,143,163,20,160,17,Yes
23399,.,23399,121,157,36,143,22,Yes
22263,.,22263,123,156,33,144,21,Yes
12663,.,12663,116,139,23,139,23,Yes
16223,.,16223,142,152,10,159,17,No
18779,.,18779,155,193,38,169,14,Yes
19851,.,19851,142,144,2,159,17,No
29184,.,29184,149,180,31,164,15,Yes
24371,.,24371,134,164,30,153,19,Yes
21248,.,21248,120,157,37,142,22,Yes
26088,.,26088,150,168,18,165,15,Yes
12473,.,12473,130,148,18,150,20,No
21126,.,21126,144,158,14,160,16,No
